[[0, -0.962666666666667], 
[50000, -0.20577777777777123], 
[100000, -0.067111111111198], 
[150000, -0.6577777777779694], 
[200000, -0.6000000000001233], 
[250000, -0.43511111111134], 
[300000, -0.8857777777779337], 
[350000, -0.9031111111111606], 
[400000, -0.6306666666667824], 
[450000, -0.7866666666667887], 
[500000, -0.828888888889114], 
[550000, -0.579111111111267], 
[600000, -0.7928888888891072], 
[650000, -0.574222222222404], 
[700000, -0.8768888888889774], 
[750000, -0.903111111111297], 
[800000, -0.0506666666667834], 
[850000, -0.0297777777780038], 
[900000, -0.0684444444445902], 
[950000, -0.080888888889107], 
[1000000,-0.084000000000193], 
[1050000, -0.0608888888889756], 
[1100000, -0.0609777777777962], 
[1150000, -0.03000000000001233], 
[1200000, -0.1768888888891198], 
[1250000, -0.17466666666681], 
[1300000, -0.1906666666666627], 
[1350000, -0.0630666666666852], 
[1400000, -0.188444444444533], 
[1450000, -0.1640000000001898], 
[1500000, -0.1742222222223423], 
[1550000, -0.1515555555557817], 
[1600000, -0.1315555555557067], 
[1650000, -0.1213333333333321], 
[1700000, -0.2231111111112865], 
[1750000, -0.2493333333334417], 
[1800000, -0.3564444444446724], 
[1850000, -0.400000000000158], 
[1900000, -0.4906666666668985], 
[1950000, -0.2884444444446385], 
[2000000, -0.28888888888889486], 
[2050000, -0.15746666666668445], 
[2100000, -0.258222222222341], 
[2150000, -0.1690222222222429], 
[2200000, -0.48133333333349], 
[2250000, -0.5026666666666636], 
[2300000, -0.285333333333526], 
[2350000, -0.161333333333419], 
[2400000, -0.1360000000001803], 
[2450000, -0.1871111111112334], 
[2500000, -0.288444444444676], 
[2550000, -0.290666666666791], 
[2600000, -0.4840000000000777], 
[2650000, -0.4497777777779913], 
[2700000, -0.364000000000145], 
[2750000, -0.401777777778], 
[2800000, -0.4702222222224115]]